1.000000000000000000e+00 2.000000000000000000e+00 1.200000000000000000e+01 1.440000000000000000e+02 2.880000000000000000e+03 8.640000000000000000e+04 3.628800000000000000e+06 2.032128000000000000e+08 1.463132160000000000e+10 1.316818944000000000e+12
1.000000000000000000e+00 1.000000000000000000e+00 4.000000000000000000e+00 3.600000000000000000e+01 5.760000000000000000e+02 1.440000000000000000e+04 5.184000000000000000e+05 2.540160000000000000e+07 1.625702400000000000e+09 1.316818944000000000e+11
5.000000000000000000e-01 5.000000000000000000e-01 1.000000000000000000e+00 6.000000000000000000e+00 7.200000000000000000e+01 1.440000000000000000e+03 4.320000000000000000e+04 1.814400000000000000e+06 1.016064000000000000e+08 7.315660800000000000e+09
3.333333333333333148e-01 1.666666666666666574e-01 3.333333333333333148e-01 1.000000000000000000e+00 8.000000000000000000e+00 1.200000000000000000e+02 2.880000000000000000e+03 1.008000000000000000e+05 4.838400000000000000e+06 3.048192000000000000e+08
2.500000000000000000e-01 8.333333333333332871e-02 8.333333333333332871e-02 2.500000000000000000e-01 1.000000000000000000e+00 1.000000000000000000e+01 1.800000000000000000e+02 5.040000000000000000e+03 2.016000000000000000e+05 1.088640000000000000e+07
2.000000000000000111e-01 5.000000000000000278e-02 3.333333333333333287e-02 5.000000000000000278e-02 2.000000000000000111e-01 1.000000000000000000e+00 1.200000000000000000e+01 2.520000000000000000e+02 8.064000000000000000e+03 3.628800000000000000e+05
1.666666666666666574e-01 3.333333333333333287e-02 1.666666666666666644e-02 1.666666666666666644e-02 3.333333333333333287e-02 1.666666666666666574e-01 1.000000000000000000e+00 1.400000000000000000e+01 3.360000000000000000e+02 1.209600000000000000e+04
1.428571428571428492e-01 2.380952380952380820e-02 9.523809523809524669e-03 7.142857142857142634e-03 9.523809523809524669e-03 2.380952380952380820e-02 1.428571428571428492e-01 1.000000000000000000e+00 1.600000000000000000e+01 4.320000000000000000e+02
1.250000000000000000e-01 1.785714285714285615e-02 5.952380952380952051e-03 3.571428571428571317e-03 3.571428571428571317e-03 5.952380952380952051e-03 1.785714285714285615e-02 1.250000000000000000e-01 1.000000000000000000e+00 1.800000000000000000e+01
1.111111111111111049e-01 1.388888888888888812e-02 3.968253968253968034e-03 1.984126984126984017e-03 1.587301587301587300e-03 1.984126984126984017e-03 3.968253968253968034e-03 1.388888888888888812e-02 1.111111111111111049e-01 1.000000000000000000e+00
